"opioid_type";"race";"year";"std_rate";"Model";"Standard Error";"Flag";"Joinpoints";"Final Selected Model"
"heroin";"black";1979;0.32565;0.34782;0.03674;NA;3;3
"heroin";"black";1980;0.30258;0.37434;0.03638;NA;3;3
"heroin";"black";1981;0.41308;0.40289;0.04431;NA;3;3
"heroin";"black";1982;0.45521;0.43361;0.04372;NA;3;3
"heroin";"black";1983;0.44516;0.46667;0.04433;NA;3;3
"heroin";"black";1984;0.56618;0.50225;0.04795;NA;3;3
"heroin";"black";1985;0.59862;0.54055;0.04997;NA;3;3
"heroin";"black";1986;0.67100;0.58176;0.05122;NA;3;3
"heroin";"black";1987;0.57429;0.62612;0.04904;NA;3;3
"heroin";"black";1988;0.73294;0.67386;0.05426;NA;3;3
"heroin";"black";1989;0.78135;0.72524;0.05486;NA;3;3
"heroin";"black";1990;0.72653;0.78054;0.05207;NA;3;3
"heroin";"black";1991;0.61107;0.84005;0.04756;NA;3;3
"heroin";"black";1992;0.75036;0.90410;0.05218;NA;3;3
"heroin";"black";1993;1.02209;0.97304;0.05995;NA;3;3
"heroin";"black";1994;0.95380;1.04723;0.05827;NA;3;3
"heroin";"black";1995;1.27415;1.12708;0.06661;Joinpoint 1;3;3
"heroin";"black";1996;1.04138;1.11977;0.05897;NA;3;3
"heroin";"black";1997;1.15906;1.11252;0.06149;NA;3;3
"heroin";"black";1998;1.17274;1.10532;0.06120;NA;3;3
"heroin";"black";1999;NA;1.10173;NA;NA;3;3
"heroin";"black";1999;NA;0.81854;NA;NA;3;3
"heroin";"black";1999;0.83265;0.81589;0.05096;NA;3;3
"heroin";"black";2000;0.88489;0.81060;0.05153;NA;3;3
"heroin";"black";2001;0.75526;0.80535;0.04722;NA;3;3
"heroin";"black";2002;0.91166;0.80013;0.05145;NA;3;3
"heroin";"black";2003;0.76906;0.79495;0.04667;NA;3;3
"heroin";"black";2004;0.62085;0.78980;0.04162;NA;3;3
"heroin";"black";2005;0.77993;0.78469;0.04634;NA;3;3
"heroin";"black";2006;0.72906;0.77960;0.04424;NA;3;3
"heroin";"black";2007;0.76081;0.77455;0.04501;NA;3;3
"heroin";"black";2008;0.77435;0.76954;0.04466;NA;3;3
"heroin";"black";2009;0.88483;0.76455;0.04745;NA;3;3
"heroin";"black";2010;0.74938;0.75960;0.04333;Joinpoint 2;3;3
"heroin";"black";2011;0.96561;1.02213;0.04890;NA;3;3
"heroin";"black";2012;1.29535;1.37539;0.05645;NA;3;3
"heroin";"black";2013;2.01624;1.85075;0.06962;NA;3;3
"heroin";"black";2014;2.50951;2.49039;0.07766;NA;3;3
"heroin";"black";2015;3.11517;3.35111;0.08615;NA;3;3
"heroin";"black";2016;4.48878;4.50930;0.10285;Joinpoint 3;3;3
"heroin";"black";2017;4.90313;4.69515;0.10654;NA;3;3
"heroin";"black";2018;4.88873;4.88867;0.10591;NA;3;3
"heroin";"black";2019;5.01978;5.09016;0.10704;NA;3;3
"heroin";"total";1979;0.15428;0.15645;0.00823;NA;5;5
"heroin";"total";1980;0.14509;0.17298;0.00807;NA;5;5
"heroin";"total";1981;0.18104;0.19125;0.00906;NA;5;5
"heroin";"total";1982;0.24070;0.21146;0.01016;NA;5;5
"heroin";"total";1983;0.22120;0.23380;0.00982;NA;5;5
"heroin";"total";1984;0.26820;0.25849;0.01068;NA;5;5
"heroin";"total";1985;0.37620;0.28580;0.01263;NA;5;5
"heroin";"total";1986;0.41036;0.31599;0.01307;NA;5;5
"heroin";"total";1987;0.26406;0.34938;0.01053;NA;5;5
"heroin";"total";1988;0.35231;0.38628;0.01214;NA;5;5
"heroin";"total";1989;0.41244;0.42709;0.01305;NA;5;5
"heroin";"total";1990;0.39857;0.47221;0.01273;NA;5;5
"heroin";"total";1991;0.36549;0.52209;0.01207;NA;5;5
"heroin";"total";1992;0.53415;0.57725;0.01457;NA;5;5
"heroin";"total";1993;0.71267;0.63823;0.01672;NA;5;5
"heroin";"total";1994;0.69844;0.70565;0.01647;NA;5;5
"heroin";"total";1995;0.85601;0.78020;0.01811;NA;5;5
"heroin";"total";1996;0.84146;0.86262;0.01783;NA;5;5
"heroin";"total";1997;0.95006;0.95375;0.01884;NA;5;5
"heroin";"total";1998;1.08240;1.05450;0.02002;NA;5;5
"heroin";"total";1999;NA;1.10880;NA;NA;5;5
"heroin";"total";1999;NA;0.64794;NA;NA;5;5
"heroin";"total";1999;0.71624;0.68131;0.01619;Joinpoint 1;5;5
"heroin";"total";2000;0.65010;0.68130;0.01516;NA;5;5
"heroin";"total";2001;0.62163;0.68130;0.01475;NA;5;5
"heroin";"total";2002;0.72654;0.68130;0.01591;NA;5;5
"heroin";"total";2003;0.71679;0.68129;0.01574;NA;5;5
"heroin";"total";2004;0.63967;0.68129;0.01480;NA;5;5
"heroin";"total";2005;0.67773;0.68129;0.01518;Joinpoint 2;5;5
"heroin";"total";2006;0.69637;0.74669;0.01533;NA;5;5
"heroin";"total";2007;0.79647;0.81837;0.01636;NA;5;5
"heroin";"total";2008;1.00559;0.89693;0.01837;NA;5;5
"heroin";"total";2009;1.07349;0.98303;0.01891;NA;5;5
"heroin";"total";2010;0.99225;1.07740;0.01819;Joinpoint 3;5;5
"heroin";"total";2011;1.42226;1.45919;0.02169;NA;5;5
"heroin";"total";2012;1.91626;1.97627;0.02520;NA;5;5
"heroin";"total";2013;2.64848;2.67660;0.02955;Joinpoint 4;5;5
"heroin";"total";2014;3.38708;3.30293;0.03344;NA;5;5
"heroin";"total";2015;4.14273;4.07582;0.03694;NA;5;5
"heroin";"total";2016;4.89981;5.02957;0.04008;Joinpoint 5;5;5
"heroin";"total";2017;4.86142;4.81783;0.03981;NA;5;5
"heroin";"total";2018;4.69090;4.61499;0.03907;NA;5;5
"heroin";"total";2019;4.35489;4.42070;0.03756;NA;5;5
"heroin";"white";1979;0.13526;0.13583;0.00825;NA;5;5
"heroin";"white";1980;0.12899;0.15145;0.00814;NA;5;5
"heroin";"white";1981;0.15774;0.16886;0.00894;NA;5;5
"heroin";"white";1982;0.21979;0.18827;0.01039;NA;5;5
"heroin";"white";1983;0.19936;0.20991;0.00997;NA;5;5
"heroin";"white";1984;0.23736;0.23404;0.01079;NA;5;5
"heroin";"white";1985;0.35835;0.26095;0.01322;NA;5;5
"heroin";"white";1986;0.38849;0.29094;0.01373;NA;5;5
"heroin";"white";1987;0.23130;0.32439;0.01054;NA;5;5
"heroin";"white";1988;0.31509;0.36168;0.01238;NA;5;5
"heroin";"white";1989;0.37741;0.40325;0.01350;NA;5;5
"heroin";"white";1990;0.36832;0.44961;0.01327;NA;5;5
"heroin";"white";1991;0.34622;0.50129;0.01273;NA;5;5
"heroin";"white";1992;0.52499;0.55892;0.01571;NA;5;5
"heroin";"white";1993;0.69782;0.62317;0.01804;NA;5;5
"heroin";"white";1994;0.68917;0.69480;0.01785;NA;5;5
"heroin";"white";1995;0.83334;0.77467;0.01952;NA;5;5
"heroin";"white";1996;0.84713;0.86373;0.01958;NA;5;5
"heroin";"white";1997;0.96245;0.96301;0.02081;NA;5;5
"heroin";"white";1998;1.11393;1.07372;0.02233;Joinpoint 1;5;5
"heroin";"white";1999;NA;1.07836;NA;NA;5;5
"heroin";"white";1999;NA;0.69666;NA;NA;5;5
"heroin";"white";1999;0.74068;0.69967;0.01815;NA;5;5
"heroin";"white";2000;0.66313;0.70572;0.01702;NA;5;5
"heroin";"white";2001;0.65272;0.71184;0.01685;NA;5;5
"heroin";"white";2002;0.75897;0.71800;0.01816;NA;5;5
"heroin";"white";2003;0.76771;0.72422;0.01823;NA;5;5
"heroin";"white";2004;0.69788;0.73049;0.01737;NA;5;5
"heroin";"white";2005;0.72317;0.73682;0.01766;Joinpoint 2;5;5
"heroin";"white";2006;0.75860;0.81870;0.01806;NA;5;5
"heroin";"white";2007;0.87899;0.90968;0.01945;NA;5;5
"heroin";"white";2008;1.15181;1.01077;0.02236;NA;5;5
"heroin";"white";2009;1.21738;1.12309;0.02293;NA;5;5
"heroin";"white";2010;1.14451;1.24790;0.02231;Joinpoint 3;5;5
"heroin";"white";2011;1.65535;1.69614;0.02678;NA;5;5
"heroin";"white";2012;2.24546;2.30540;0.03126;NA;5;5
"heroin";"white";2013;3.07246;3.13350;0.03658;Joinpoint 4;5;5
"heroin";"white";2014;3.94975;3.84109;0.04154;NA;5;5
"heroin";"white";2015;4.82822;4.70846;0.04597;NA;5;5
"heroin";"white";2016;5.59839;5.77169;0.04951;Joinpoint 5;5;5
"heroin";"white";2017;5.47870;5.45651;0.04895;NA;5;5
"heroin";"white";2018;5.27176;5.15854;0.04803;NA;5;5
"heroin";"white";2019;4.79251;4.87684;0.04576;NA;5;5
"methadone";"black";1979;0.03574;0.04905;0.01399;NA;4;4
"methadone";"black";1980;0.06795;0.05002;0.01943;NA;4;4
"methadone";"black";1981;0.04127;0.05101;0.01366;NA;4;4
"methadone";"black";1982;0.06434;0.05202;0.01794;NA;4;4
"methadone";"black";1983;0.05162;0.05305;0.01589;NA;4;4
"methadone";"black";1984;0.04015;0.05410;0.01478;NA;4;4
"methadone";"black";1985;0.00646;0.05518;0.00473;NA;4;4
"methadone";"black";1986;0.07396;0.05627;0.01938;NA;4;4
"methadone";"black";1987;0.06057;0.05738;0.01733;Joinpoint 1;4;4
"methadone";"black";1988;0.04893;0.05018;0.01547;NA;4;4
"methadone";"black";1989;0.03112;0.04387;0.01238;NA;4;4
"methadone";"black";1990;0.04968;0.03836;0.01535;NA;4;4
"methadone";"black";1991;0.03285;0.03354;0.01197;NA;4;4
"methadone";"black";1992;0.02468;0.02933;0.00965;NA;4;4
"methadone";"black";1993;0.00010;0.02565;0.00100;NA;4;4
"methadone";"black";1994;0.01685;0.02242;0.00867;NA;4;4
"methadone";"black";1995;0.02276;0.01961;0.00946;NA;4;4
"methadone";"black";1996;0.01980;0.01714;0.00908;NA;4;4
"methadone";"black";1997;0.02092;0.01499;0.00858;NA;4;4
"methadone";"black";1998;0.00477;0.01311;0.00337;NA;4;4
"methadone";"black";1999;NA;0.01226;NA;NA;4;4
"methadone";"black";1999;NA;0.21791;NA;NA;4;4
"methadone";"black";1999;0.21303;0.20377;0.02546;Joinpoint 2;4;4
"methadone";"black";2000;0.20458;0.24955;0.02459;NA;4;4
"methadone";"black";2001;0.30720;0.30563;0.02996;NA;4;4
"methadone";"black";2002;0.41107;0.37431;0.03436;NA;4;4
"methadone";"black";2003;0.42168;0.45841;0.03449;NA;4;4
"methadone";"black";2004;0.60030;0.56142;0.04053;NA;4;4
"methadone";"black";2005;0.72077;0.68758;0.04432;NA;4;4
"methadone";"black";2006;0.85997;0.84208;0.04806;Joinpoint 3;4;4
"methadone";"black";2007;0.82283;0.79438;0.04633;NA;4;4
"methadone";"black";2008;0.64583;0.74938;0.04087;NA;4;4
"methadone";"black";2009;0.67814;0.70693;0.04130;NA;4;4
"methadone";"black";2010;0.61847;0.66688;0.03907;NA;4;4
"methadone";"black";2011;0.68970;0.62911;0.04128;NA;4;4
"methadone";"black";2012;0.58436;0.59347;0.03766;NA;4;4
"methadone";"black";2013;0.57730;0.55985;0.03735;Joinpoint 4;4;4
"methadone";"black";2014;0.60868;0.59281;0.03809;NA;4;4
"methadone";"black";2015;0.57909;0.62771;0.03691;NA;4;4
"methadone";"black";2016;0.67624;0.66467;0.03935;NA;4;4
"methadone";"black";2017;0.75736;0.70380;0.04145;NA;4;4
"methadone";"black";2018;0.73239;0.74524;0.04034;NA;4;4
"methadone";"black";2019;0.77004;0.78911;0.04107;NA;4;4
"methadone";"total";1979;0.05067;0.04806;0.00513;NA;4;4
"methadone";"total";1980;0.04417;0.04729;0.00469;NA;4;4
"methadone";"total";1981;0.04642;0.04654;0.00483;NA;4;4
"methadone";"total";1982;0.04564;0.04579;0.00483;NA;4;4
"methadone";"total";1983;0.05298;0.04506;0.00509;NA;4;4
"methadone";"total";1984;0.03824;0.04434;0.00426;NA;4;4
"methadone";"total";1985;0.03536;0.04363;0.00408;NA;4;4
"methadone";"total";1986;0.04355;0.04293;0.00456;NA;4;4
"methadone";"total";1987;0.04686;0.04224;0.00471;NA;4;4
"methadone";"total";1988;0.04479;0.04156;0.00455;Joinpoint 1;4;4
"methadone";"total";1989;0.03702;0.03749;0.00405;NA;4;4
"methadone";"total";1990;0.02664;0.03381;0.00342;NA;4;4
"methadone";"total";1991;0.03384;0.03049;0.00375;NA;4;4
"methadone";"total";1992;0.02916;0.02750;0.00352;NA;4;4
"methadone";"total";1993;0.02383;0.02480;0.00310;NA;4;4
"methadone";"total";1994;0.01952;0.02237;0.00283;NA;4;4
"methadone";"total";1995;0.01949;0.02018;0.00280;NA;4;4
"methadone";"total";1996;0.02191;0.01820;0.00294;NA;4;4
"methadone";"total";1997;0.01281;0.01641;0.00220;NA;4;4
"methadone";"total";1998;0.01636;0.01480;0.00247;NA;4;4
"methadone";"total";1999;NA;0.01406;NA;NA;4;4
"methadone";"total";1999;NA;0.28351;NA;NA;4;4
"methadone";"total";1999;0.28704;0.26925;0.01025;Joinpoint 2;4;4
"methadone";"total";2000;0.34960;0.37967;0.01114;NA;4;4
"methadone";"total";2001;0.50907;0.53537;0.01336;NA;4;4
"methadone";"total";2002;0.81829;0.75492;0.01687;NA;4;4
"methadone";"total";2003;1.02318;1.06451;0.01880;Joinpoint 3;4;4
"methadone";"total";2004;1.31161;1.27924;0.02121;NA;4;4
"methadone";"total";2005;1.50454;1.53730;0.02261;NA;4;4
"methadone";"total";2006;1.80628;1.84740;0.02469;Joinpoint 4;4;4
"methadone";"total";2007;1.82391;1.73754;0.02470;NA;4;4
"methadone";"total";2008;1.61364;1.63421;0.02317;NA;4;4
"methadone";"total";2009;1.52577;1.53702;0.02249;NA;4;4
"methadone";"total";2010;1.47450;1.44562;0.02205;NA;4;4
"methadone";"total";2011;1.42201;1.35965;0.02170;NA;4;4
"methadone";"total";2012;1.25454;1.27879;0.02033;NA;4;4
"methadone";"total";2013;1.13615;1.20274;0.01931;NA;4;4
"methadone";"total";2014;1.06561;1.13121;0.01864;NA;4;4
"methadone";"total";2015;1.02253;1.06394;0.01820;NA;4;4
"methadone";"total";2016;1.03898;1.00067;0.01833;NA;4;4
"methadone";"total";2017;0.97222;0.94116;0.01764;NA;4;4
"methadone";"total";2018;0.91477;0.88519;0.01708;NA;4;4
"methadone";"total";2019;0.82585;0.83255;0.01621;NA;4;4
"methadone";"white";1979;0.05259;0.05623;0.00553;NA;3;3
"methadone";"white";1980;0.04204;0.05320;0.00483;NA;3;3
"methadone";"white";1981;0.04764;0.05033;0.00522;NA;3;3
"methadone";"white";1982;0.04211;0.04761;0.00493;NA;3;3
"methadone";"white";1983;0.05252;0.04504;0.00539;NA;3;3
"methadone";"white";1984;0.03887;0.04261;0.00457;NA;3;3
"methadone";"white";1985;0.03904;0.04032;0.00456;NA;3;3
"methadone";"white";1986;0.04086;0.03814;0.00471;NA;3;3
"methadone";"white";1987;0.04508;0.03608;0.00493;NA;3;3
"methadone";"white";1988;0.04432;0.03414;0.00483;NA;3;3
"methadone";"white";1989;0.03846;0.03230;0.00439;NA;3;3
"methadone";"white";1990;0.02462;0.03056;0.00351;NA;3;3
"methadone";"white";1991;0.03356;0.02891;0.00399;NA;3;3
"methadone";"white";1992;0.02860;0.02735;0.00375;NA;3;3
"methadone";"white";1993;0.02725;0.02587;0.00357;NA;3;3
"methadone";"white";1994;0.02023;0.02448;0.00310;NA;3;3
"methadone";"white";1995;0.01978;0.02316;0.00303;NA;3;3
"methadone";"white";1996;0.02220;0.02191;0.00318;NA;3;3
"methadone";"white";1997;0.01185;0.02073;0.00228;NA;3;3
"methadone";"white";1998;0.01790;0.01961;0.00280;NA;3;3
"methadone";"white";1999;NA;0.01907;NA;NA;3;3
"methadone";"white";1999;NA;0.30524;NA;NA;3;3
"methadone";"white";1999;0.31301;0.29689;0.01179;Joinpoint 1;3;3
"methadone";"white";2000;0.39449;0.42411;0.01312;NA;3;3
"methadone";"white";2001;0.57592;0.60583;0.01580;NA;3;3
"methadone";"white";2002;0.94088;0.86543;0.02018;NA;3;3
"methadone";"white";2003;1.19661;1.23625;0.02275;Joinpoint 2;3;3
"methadone";"white";2004;1.52632;1.49533;0.02566;NA;3;3
"methadone";"white";2005;1.75047;1.80871;0.02741;NA;3;3
"methadone";"white";2006;2.11501;2.18777;0.03012;Joinpoint 3;3;3
"methadone";"white";2007;2.15226;2.05431;0.03033;NA;3;3
"methadone";"white";2008;1.91267;1.92899;0.02856;NA;3;3
"methadone";"white";2009;1.79829;1.81131;0.02771;NA;3;3
"methadone";"white";2010;1.75353;1.70081;0.02735;NA;3;3
"methadone";"white";2011;1.67715;1.59706;0.02685;NA;3;3
"methadone";"white";2012;1.48145;1.49963;0.02520;NA;3;3
"methadone";"white";2013;1.34121;1.40815;0.02397;NA;3;3
"methadone";"white";2014;1.25799;1.32225;0.02320;NA;3;3
"methadone";"white";2015;1.20680;1.24158;0.02267;NA;3;3
"methadone";"white";2016;1.21510;1.16584;0.02282;NA;3;3
"methadone";"white";2017;1.11760;1.09472;0.02183;NA;3;3
"methadone";"white";2018;1.05537;1.02794;0.02121;NA;3;3
"methadone";"white";2019;0.93646;0.96523;0.02002;NA;3;3
"nonh_nonm";"black";1979;0.25779;0.22953;0.03432;NA;3;3
"nonh_nonm";"black";1980;0.33979;0.26301;0.03903;NA;3;3
"nonh_nonm";"black";1981;0.27173;0.30138;0.03404;NA;3;3
"nonh_nonm";"black";1982;0.45021;0.34534;0.04520;NA;3;3
"nonh_nonm";"black";1983;0.33380;0.39572;0.03768;NA;3;3
"nonh_nonm";"black";1984;0.33709;0.45345;0.03808;NA;3;3
"nonh_nonm";"black";1985;0.46730;0.51959;0.04412;NA;3;3
"nonh_nonm";"black";1986;0.47719;0.59539;0.04449;NA;3;3
"nonh_nonm";"black";1987;0.58591;0.68225;0.04853;NA;3;3
"nonh_nonm";"black";1988;0.92209;0.78177;0.06001;NA;3;3
"nonh_nonm";"black";1989;1.06852;0.89581;0.06339;NA;3;3
"nonh_nonm";"black";1990;0.75249;1.02649;0.05251;NA;3;3
"nonh_nonm";"black";1991;1.09522;1.17623;0.06405;NA;3;3
"nonh_nonm";"black";1992;1.35183;1.34781;0.07066;NA;3;3
"nonh_nonm";"black";1993;1.79659;1.54443;0.07991;NA;3;3
"nonh_nonm";"black";1994;1.95571;1.76972;0.08309;Joinpoint 1;3;3
"nonh_nonm";"black";1995;1.83364;1.75213;0.07964;NA;3;3
"nonh_nonm";"black";1996;1.59097;1.73472;0.07254;NA;3;3
"nonh_nonm";"black";1997;1.55393;1.71747;0.07070;NA;3;3
"nonh_nonm";"black";1998;1.63188;1.70040;0.07217;NA;3;3
"nonh_nonm";"black";1999;NA;1.69193;NA;NA;3;3
"nonh_nonm";"black";1999;NA;2.62918;NA;NA;3;3
"nonh_nonm";"black";1999;2.74200;2.61608;0.09196;NA;3;3
"nonh_nonm";"black";2000;2.60930;2.59007;0.08838;NA;3;3
"nonh_nonm";"black";2001;2.52000;2.56433;0.08610;NA;3;3
"nonh_nonm";"black";2002;2.57527;2.53884;0.08631;NA;3;3
"nonh_nonm";"black";2003;2.47011;2.51360;0.08383;NA;3;3
"nonh_nonm";"black";2004;2.15844;2.48862;0.07769;NA;3;3
"nonh_nonm";"black";2005;2.24583;2.46388;0.07864;NA;3;3
"nonh_nonm";"black";2006;2.98226;2.43939;0.08975;NA;3;3
"nonh_nonm";"black";2007;2.23012;2.41514;0.07677;NA;3;3
"nonh_nonm";"black";2008;2.24941;2.39114;0.07665;NA;3;3
"nonh_nonm";"black";2009;2.30383;2.36737;0.07734;NA;3;3
"nonh_nonm";"black";2010;2.23910;2.34384;0.07517;NA;3;3
"nonh_nonm";"black";2011;2.41688;2.32054;0.07773;NA;3;3
"nonh_nonm";"black";2012;2.48879;2.29747;0.07832;NA;3;3
"nonh_nonm";"black";2013;2.52272;2.27464;0.07838;Joinpoint 2;3;3
"nonh_nonm";"black";2014;3.26220;3.35254;0.08903;NA;3;3
"nonh_nonm";"black";2015;4.17960;4.94124;0.10037;NA;3;3
"nonh_nonm";"black";2016;7.85144;7.28280;0.13599;NA;3;3
"nonh_nonm";"black";2017;10.84555;10.73397;0.15939;Joinpoint 3;3;3
"nonh_nonm";"black";2018;12.51894;12.90220;0.17026;NA;3;3
"nonh_nonm";"black";2019;15.69477;15.50841;0.18998;NA;3;3
"nonh_nonm";"total";1979;0.25098;0.21532;0.01091;NA;5;5
"nonh_nonm";"total";1980;0.23717;0.23318;0.01056;NA;5;5
"nonh_nonm";"total";1981;0.23211;0.25253;0.01032;NA;5;5
"nonh_nonm";"total";1982;0.28100;0.27348;0.01124;NA;5;5
"nonh_nonm";"total";1983;0.27657;0.29617;0.01097;NA;5;5
"nonh_nonm";"total";1984;0.29000;0.32074;0.01124;NA;5;5
"nonh_nonm";"total";1985;0.32701;0.34735;0.01187;NA;5;5
"nonh_nonm";"total";1986;0.37020;0.37617;0.01254;NA;5;5
"nonh_nonm";"total";1987;0.38844;0.40738;0.01277;NA;5;5
"nonh_nonm";"total";1988;0.48318;0.44118;0.01414;NA;5;5
"nonh_nonm";"total";1989;0.54843;0.47779;0.01507;NA;5;5
"nonh_nonm";"total";1990;0.48133;0.51743;0.01389;Joinpoint 1;5;5
"nonh_nonm";"total";1991;0.59639;0.63267;0.01549;NA;5;5
"nonh_nonm";"total";1992;0.78190;0.77357;0.01758;NA;5;5
"nonh_nonm";"total";1993;1.02601;0.94585;0.02000;Joinpoint 2;5;5
"nonh_nonm";"total";1994;1.07847;1.02009;0.02041;NA;5;5
"nonh_nonm";"total";1995;1.08503;1.10015;0.02032;NA;5;5
"nonh_nonm";"total";1996;1.10276;1.18649;0.02038;NA;5;5
"nonh_nonm";"total";1997;1.22353;1.27961;0.02134;NA;5;5
"nonh_nonm";"total";1998;1.39721;1.38004;0.02272;NA;5;5
"nonh_nonm";"total";1999;NA;1.43317;NA;NA;5;5
"nonh_nonm";"total";1999;NA;2.11337;NA;NA;5;5
"nonh_nonm";"total";1999;2.24326;2.19473;0.02866;NA;5;5
"nonh_nonm";"total";2000;2.22927;2.36698;0.02812;NA;5;5
"nonh_nonm";"total";2001;2.44105;2.55275;0.02926;NA;5;5
"nonh_nonm";"total";2002;2.91569;2.75310;0.03185;NA;5;5
"nonh_nonm";"total";2003;3.06520;2.96917;0.03254;NA;5;5
"nonh_nonm";"total";2004;3.10139;3.20220;0.03259;NA;5;5
"nonh_nonm";"total";2005;3.28798;3.45352;0.03339;NA;5;5
"nonh_nonm";"total";2006;3.91168;3.72456;0.03626;NA;5;5
"nonh_nonm";"total";2007;4.03241;4.01687;0.03672;NA;5;5
"nonh_nonm";"total";2008;4.36897;4.33213;0.03810;NA;5;5
"nonh_nonm";"total";2009;4.61031;4.67213;0.03902;Joinpoint 3;5;5
"nonh_nonm";"total";2010;4.89757;4.81999;0.04020;NA;5;5
"nonh_nonm";"total";2011;5.13065;4.97252;0.04109;NA;5;5
"nonh_nonm";"total";2012;4.90201;5.12989;0.04006;NA;5;5
"nonh_nonm";"total";2013;4.96483;5.29224;0.04013;NA;5;5
"nonh_nonm";"total";2014;5.72578;5.45972;0.04311;Joinpoint 4;5;5
"nonh_nonm";"total";2015;6.94763;7.18778;0.04755;NA;5;5
"nonh_nonm";"total";2016;10.02439;9.46280;0.05712;NA;5;5
"nonh_nonm";"total";2017;12.35970;12.45788;0.06336;Joinpoint 5;5;5
"nonh_nonm";"total";2018;12.52471;12.94708;0.06370;NA;5;5
"nonh_nonm";"total";2019;13.66101;13.45548;0.06643;NA;5;5
"nonh_nonm";"white";1979;0.25222;0.21452;0.01167;NA;5;5
"nonh_nonm";"white";1980;0.22641;0.23073;0.01103;NA;5;5
"nonh_nonm";"white";1981;0.22930;0.24816;0.01101;NA;5;5
"nonh_nonm";"white";1982;0.26406;0.26690;0.01166;NA;5;5
"nonh_nonm";"white";1983;0.27142;0.28707;0.01164;NA;5;5
"nonh_nonm";"white";1984;0.28879;0.30875;0.01201;NA;5;5
"nonh_nonm";"white";1985;0.31550;0.33208;0.01252;NA;5;5
"nonh_nonm";"white";1986;0.36511;0.35716;0.01339;NA;5;5
"nonh_nonm";"white";1987;0.37086;0.38415;0.01347;NA;5;5
"nonh_nonm";"white";1988;0.43891;0.41317;0.01455;NA;5;5
"nonh_nonm";"white";1989;0.49590;0.44438;0.01552;NA;5;5
"nonh_nonm";"white";1990;0.45579;0.47795;0.01462;Joinpoint 1;5;5
"nonh_nonm";"white";1991;0.55511;0.58812;0.01618;NA;5;5
"nonh_nonm";"white";1992;0.73543;0.72368;0.01849;NA;5;5
"nonh_nonm";"white";1993;0.96588;0.89048;0.02111;Joinpoint 2;5;5
"nonh_nonm";"white";1994;1.00223;0.97280;0.02142;NA;5;5
"nonh_nonm";"white";1995;1.02704;1.06271;0.02156;NA;5;5
"nonh_nonm";"white";1996;1.08295;1.16095;0.02209;NA;5;5
"nonh_nonm";"white";1997;1.22615;1.26826;0.02343;NA;5;5
"nonh_nonm";"white";1998;1.43261;1.38549;0.02527;NA;5;5
"nonh_nonm";"white";1999;NA;1.44810;NA;NA;5;5
"nonh_nonm";"white";1999;NA;2.17257;NA;NA;5;5
"nonh_nonm";"white";1999;2.27817;2.27076;0.03179;NA;5;5
"nonh_nonm";"white";2000;2.31806;2.48065;0.03178;NA;5;5
"nonh_nonm";"white";2001;2.59823;2.70995;0.03353;NA;5;5
"nonh_nonm";"white";2002;3.16716;2.96044;0.03695;NA;5;5
"nonh_nonm";"white";2003;3.37814;3.23409;0.03811;NA;5;5
"nonh_nonm";"white";2004;3.47113;3.53302;0.03854;NA;5;5
"nonh_nonm";"white";2005;3.68945;3.85959;0.03962;NA;5;5
"nonh_nonm";"white";2006;4.37353;4.21635;0.04308;NA;5;5
"nonh_nonm";"white";2007;4.65009;4.60608;0.04441;NA;5;5
"nonh_nonm";"white";2008;5.07006;5.03184;0.04631;NA;5;5
"nonh_nonm";"white";2009;5.35774;5.49695;0.04755;Joinpoint 3;5;5
"nonh_nonm";"white";2010;5.77353;5.67010;0.04951;NA;5;5
"nonh_nonm";"white";2011;6.04747;5.84871;0.05068;NA;5;5
"nonh_nonm";"white";2012;5.74739;6.03294;0.04938;NA;5;5
"nonh_nonm";"white";2013;5.84567;6.22298;0.04965;NA;5;5
"nonh_nonm";"white";2014;6.69465;6.41900;0.05325;Joinpoint 4;5;5
"nonh_nonm";"white";2015;8.17099;8.37820;0.05910;NA;5;5
"nonh_nonm";"white";2016;11.56827;10.93539;0.07065;NA;5;5
"nonh_nonm";"white";2017;14.12002;14.27308;0.07813;Joinpoint 5;5;5
"nonh_nonm";"white";2018;14.08981;14.52446;0.07814;NA;5;5
"nonh_nonm";"white";2019;14.99286;14.78027;0.08061;NA;5;5
