"opioid_type";"race";"Test #";"Null Hypothesis";"Alt Hypothesis";"Selected Hypothesis";"Numerator DF";"Denominator DF";"# of Permutations";"P-Value";"Significance level"
"drug";"black";0;0;3;3;   6;  10;10000;       0.0001000;       0.0166667
"drug";"black";1;1;3;3;   4;  10;10000;       0.0024000;       0.0250000
"drug";"black";2;2;3;3;   2;  10;10000;       0.0030000;       0.0500000
"drug";"total";0;0;3;3;   6;  10;10000;       0.0001000;       0.0166667
"drug";"total";1;1;3;3;   4;  10;10000;       0.0001000;       0.0250000
"drug";"total";2;2;3;2;   2;  10;10000;       0.5308000;       0.0500000
"drug";"white";0;0;3;3;   6;  10;10000;       0.0001000;       0.0166667
"drug";"white";1;1;3;3;   4;  10;10000;       0.0004000;       0.0250000
"drug";"white";2;2;3;2;   2;  10;10000;       0.6689000;       0.0500000
"heroin";"black";0;0;3;3;   6;  10;10000;       0.0001000;       0.0166667
"heroin";"black";1;1;3;1;   4;  10;10000;       0.7832000;       0.0250000
"heroin";"black";2;1;2;1;   2;  12;10000;       0.5609000;       0.0250000
"heroin";"total";0;0;3;3;   6;  10;10000;       0.0001000;       0.0166667
"heroin";"total";1;1;3;3;   4;  10;10000;       0.0011000;       0.0250000
"heroin";"total";2;2;3;3;   2;  10;10000;       0.0065000;       0.0500000
"heroin";"white";0;0;3;3;   6;  10;10000;       0.0001000;       0.0166667
"heroin";"white";1;1;3;3;   4;  10;10000;       0.0036000;       0.0250000
"heroin";"white";2;2;3;3;   2;  10;10000;       0.0029000;       0.0500000
"methadone";"black";0;0;3;3;   6;  10;10000;       0.0001000;       0.0166667
"methadone";"black";1;1;3;1;   4;  10;10000;       0.0365000;       0.0250000
"methadone";"black";2;1;2;2;   2;  12;10000;       0.0247000;       0.0250000
"methadone";"total";0;0;3;3;   6;  10;10000;       0.0001000;       0.0166667
"methadone";"total";1;1;3;3;   4;  10;10000;       0.0043000;       0.0250000
"methadone";"total";2;2;3;2;   2;  10;10000;       0.5102000;       0.0500000
"methadone";"white";0;0;3;3;   6;  10;10000;       0.0001000;       0.0166667
"methadone";"white";1;1;3;3;   4;  10;10000;       0.0028000;       0.0250000
"methadone";"white";2;2;3;2;   2;  10;10000;       0.6730000;       0.0500000
"natural";"black";0;0;3;3;   6;  10;10000;       0.0032000;       0.0166667
"natural";"black";1;1;3;1;   4;  10;10000;       0.1528000;       0.0250000
"natural";"black";2;1;2;1;   2;  12;10000;       0.0752000;       0.0250000
"natural";"total";0;0;3;3;   6;  10;10000;       0.0001000;       0.0166667
"natural";"total";1;1;3;1;   4;  10;10000;       0.0477000;       0.0250000
"natural";"total";2;1;2;2;   2;  12;10000;       0.0214000;       0.0250000
"natural";"white";0;0;3;3;   6;  10;10000;       0.0001000;       0.0166667
"natural";"white";1;1;3;1;   4;  10;10000;       0.0444000;       0.0250000
"natural";"white";2;1;2;1;   2;  12;10000;       0.0310000;       0.0250000
"nonh_nonm";"black";0;0;3;3;   6;  10;10000;       0.0001000;       0.0166667
"nonh_nonm";"black";1;1;3;1;   4;  10;10000;       0.5018000;       0.0250000
"nonh_nonm";"black";2;1;2;1;   2;  12;10000;       0.2330000;       0.0250000
"nonh_nonm";"total";0;0;3;3;   6;  10;10000;       0.0001000;       0.0166667
"nonh_nonm";"total";1;1;3;3;   4;  10;10000;       0.0102000;       0.0250000
"nonh_nonm";"total";2;2;3;2;   2;  10;10000;       0.9745000;       0.0500000
"nonh_nonm";"white";0;0;3;3;   6;  10;10000;       0.0001000;       0.0166667
"nonh_nonm";"white";1;1;3;3;   4;  10;10000;       0.0011000;       0.0250000
"nonh_nonm";"white";2;2;3;2;   2;  10;10000;       0.7576000;       0.0500000
"nonopioid";"black";0;0;3;3;   6;  10;10000;       0.0001000;       0.0166667
"nonopioid";"black";1;1;3;3;   4;  10;10000;       0.0001000;       0.0250000
"nonopioid";"black";2;2;3;3;   2;  10;10000;       0.0039000;       0.0500000
"nonopioid";"total";0;0;3;3;   6;  10;10000;       0.0001000;       0.0166667
"nonopioid";"total";1;1;3;1;   4;  10;10000;       0.1119000;       0.0250000
"nonopioid";"total";2;1;2;1;   2;  12;10000;       0.0493000;       0.0250000
"nonopioid";"white";0;0;3;3;   6;  10;10000;       0.0001000;       0.0166667
"nonopioid";"white";1;1;3;1;   4;  10;10000;       0.5236000;       0.0250000
"nonopioid";"white";2;1;2;1;   2;  12;10000;       0.4592000;       0.0250000
"opioid";"black";0;0;3;3;   6;  10;10000;       0.0001000;       0.0166667
"opioid";"black";1;1;3;1;   4;  10;10000;       0.1512000;       0.0250000
"opioid";"black";2;1;2;1;   2;  12;10000;       0.0767000;       0.0250000
"opioid";"total";0;0;3;3;   6;  10;10000;       0.0002000;       0.0166667
"opioid";"total";1;1;3;3;   4;  10;10000;       0.0006000;       0.0250000
"opioid";"total";2;2;3;2;   2;  10;10000;       0.6756000;       0.0500000
"opioid";"white";0;0;3;3;   6;  10;10000;       0.0001000;       0.0166667
"opioid";"white";1;1;3;3;   4;  10;10000;       0.0001000;       0.0250000
"opioid";"white";2;2;3;2;   2;  10;10000;       0.2349000;       0.0500000
"other_op";"black";0;0;3;0;   6;  10;10000;       0.0459000;       0.0166667
"other_op";"black";1;0;2;0;   4;  12;10000;       0.0269000;       0.0166667
"other_op";"black";2;0;1;1;   2;  14;10000;       0.0078000;       0.0166667
"other_op";"total";0;0;3;0;   6;  10;10000;       0.5320000;       0.0166667
"other_op";"total";1;0;2;0;   4;  12;10000;       0.3463000;       0.0166667
"other_op";"total";2;0;1;0;   2;  14;10000;       0.4231000;       0.0166667
"other_op";"white";0;0;3;0;   6;  10;10000;       0.4890000;       0.0166667
"other_op";"white";1;0;2;0;   4;  12;10000;       0.3502000;       0.0166667
"other_op";"white";2;0;1;0;   2;  14;10000;       0.2297000;       0.0166667
"synth";"black";0;0;3;3;   6;  10;10000;       0.0001000;       0.0166667
"synth";"black";1;1;3;1;   4;  10;10000;       0.0674000;       0.0250000
"synth";"black";2;1;2;1;   2;  12;10000;       0.0696000;       0.0250000
"synth";"total";0;0;3;3;   6;  10;10000;       0.0001000;       0.0166667
"synth";"total";1;1;3;3;   4;  10;10000;       0.0028000;       0.0250000
"synth";"total";2;2;3;2;   2;  10;10000;       0.8218000;       0.0500000
"synth";"white";0;0;3;3;   6;  10;10000;       0.0001000;       0.0166667
"synth";"white";1;1;3;3;   4;  10;10000;       0.0011000;       0.0250000
"synth";"white";2;2;3;2;   2;  10;10000;       0.4747000;       0.0500000
