"opioid_type";"race";"Model";"Segment";"Segment Start";"Segment End";"APC";"APC 95% LCL";"APC 95% UCL";"APC Significant";"Test Statistic";"P-Value"
"drug";"black";2;0;1999;2006;4.287;0.435;8.286;1;2.409;0.03152
"drug";"black";2;1;2006;2012;-2.797;-8.170;2.891;0;-1.078;0.30080
"drug";"black";2;2;2012;2019;17.929;15.007;20.926;1;14.200;0.00000
"drug";"total";3;0;1999;2006;9.787;7.965;11.640;1;12.431;0.00000
"drug";"total";3;1;2006;2013;2.389;0.750;4.056;1;3.259;0.00859
"drug";"total";3;2;2013;2017;12.486;8.014;17.143;1;6.463;0.00007
"drug";"total";3;3;2017;2019;-0.409;-7.357;7.060;0;-0.126;0.90196
"drug";"white";3;0;1999;2006;10.780;9.027;12.562;1;14.302;0.00000
"drug";"white";3;1;2006;2014;3.606;2.385;4.840;1;6.661;0.00006
"drug";"white";3;2;2014;2017;14.020;5.806;22.872;1;3.910;0.00291
"drug";"white";3;3;2017;2019;-2.913;-9.492;4.144;0;-0.939;0.36999
"heroin";"black";2;0;1999;2010;-0.768;-2.961;1.474;0;-0.746;0.46909
"heroin";"black";2;1;2010;2016;34.703;28.367;41.351;1;13.359;0.00000
"heroin";"black";2;2;2016;2019;4.079;-2.119;10.671;0;1.407;0.18298
"heroin";"total";3;0;1999;2005;-0.581;-4.562;3.567;0;-0.318;0.75734
"heroin";"total";3;1;2005;2010;11.986;4.815;19.648;1;3.811;0.00342
"heroin";"total";3;2;2010;2016;28.222;24.706;31.837;1;19.921;0.00000
"heroin";"total";3;3;2016;2019;-5.589;-9.705;-1.285;1;-2.875;0.01654
"heroin";"white";2;0;1999;2007;1.365;-3.362;6.323;0;0.613;0.55034
"heroin";"white";2;1;2007;2016;25.190;21.743;28.734;1;17.385;0.00000
"heroin";"white";2;2;2016;2019;-5.788;-13.243;2.307;0;-1.563;0.14214
"methadone";"black";2;0;1999;2006;22.471;17.306;27.863;1;10.163;0.00000
"methadone";"black";2;1;2006;2013;-5.665;-9.115;-2.084;1;-3.381;0.00492
"methadone";"black";2;2;2013;2019;5.887;2.158;9.753;1;3.447;0.00433
"methadone";"total";2;0;1999;2003;41.010;31.613;51.077;1;10.766;0.00000
"methadone";"total";2;1;2003;2006;20.172;6.326;35.821;1;3.243;0.00641
"methadone";"total";2;2;2006;2019;-5.947;-6.578;-5.312;1;-19.673;0.00000
"methadone";"white";2;0;1999;2003;42.849;34.072;52.200;1;12.150;0.00000
"methadone";"white";2;1;2003;2006;20.957;8.159;35.270;1;3.675;0.00280
"methadone";"white";2;2;2006;2019;-6.100;-6.687;-5.510;1;-21.697;0.00000
"natural";"black";2;0;1999;2013;7.669;6.901;8.443;1;22.282;0.00000
"natural";"black";2;1;2013;2016;16.185;5.348;28.138;1;3.310;0.00564
"natural";"black";2;2;2016;2019;2.634;-1.424;6.859;0;1.392;0.18719
"natural";"total";2;0;1999;2009;12.698;11.000;14.422;1;17.012;0.00000
"natural";"total";2;1;2009;2017;3.478;1.773;5.212;1;4.447;0.00066
"natural";"total";2;2;2017;2019;-9.928;-20.618;2.202;0;-1.788;0.09712
"natural";"white";2;0;1999;2009;13.392;11.637;15.174;1;17.409;0.00000
"natural";"white";2;1;2009;2017;3.289;1.530;5.079;1;4.070;0.00132
"natural";"white";2;2;2017;2019;-10.906;-22.045;1.824;0;-1.868;0.08447
"nonh_nonm";"black";2;0;1999;2013;-0.902;-2.390;0.608;0;-1.294;0.21819
"nonh_nonm";"black";2;1;2013;2017;47.139;32.049;63.954;1;7.711;0.00000
"nonh_nonm";"black";2;2;2017;2019;20.265;6.082;36.345;1;3.177;0.00729
"nonh_nonm";"total";3;0;1999;2009;7.929;6.826;9.043;1;16.554;0.00000
"nonh_nonm";"total";3;1;2009;2014;3.094;-0.147;6.440;0;2.126;0.05944
"nonh_nonm";"total";3;2;2014;2017;31.688;21.791;42.390;1;7.850;0.00001
"nonh_nonm";"total";3;3;2017;2019;3.919;-2.304;10.537;0;1.387;0.19554
"nonh_nonm";"white";3;0;1999;2009;9.286;8.170;10.414;1;19.277;0.00000
"nonh_nonm";"white";3;1;2009;2014;3.114;-0.063;6.391;0;2.183;0.05395
"nonh_nonm";"white";3;2;2014;2017;30.541;20.787;41.082;1;7.647;0.00002
"nonh_nonm";"white";3;3;2017;2019;1.757;-4.491;8.414;0;0.612;0.55394
"nonopioid";"black";2;0;1999;2006;7.949;4.208;11.825;1;4.685;0.00043
"nonopioid";"black";2;1;2006;2010;-9.267;-19.333;2.055;0;-1.787;0.09733
"nonopioid";"black";2;2;2010;2019;6.790;4.721;8.899;1;7.256;0.00001
"nonopioid";"total";3;0;1999;2006;8.807;7.000;10.644;1;11.230;0.00000
"nonopioid";"total";3;1;2006;2014;0.454;-0.883;1.808;0;0.753;0.46884
"nonopioid";"total";3;2;2014;2017;5.708;-3.894;16.268;0;1.299;0.22315
"nonopioid";"total";3;3;2017;2019;-5.441;-13.990;3.958;0;-1.315;0.21772
"nonopioid";"white";1;0;1999;2006;9.632;7.225;12.092;1;8.782;0.00000
"nonopioid";"white";1;1;2006;2019;1.230;0.541;1.924;1;3.793;0.00160
"opioid";"black";1;0;1999;2012;0.797;-0.936;2.560;0;0.970;0.34639
"opioid";"black";1;1;2012;2019;25.072;21.845;28.385;1;18.141;0.00000
"opioid";"total";3;0;1999;2006;10.762;8.622;12.944;1;11.675;0.00000
"opioid";"total";3;1;2006;2013;4.213;2.359;6.100;1;5.122;0.00045
"opioid";"total";3;2;2013;2017;17.511;12.731;22.494;1;8.658;0.00001
"opioid";"total";3;3;2017;2019;1.204;-5.677;8.587;0;0.379;0.71279
"opioid";"white";3;0;1999;2006;12.410;10.160;14.705;1;12.892;0.00000
"opioid";"white";3;1;2006;2013;4.622;2.733;6.546;1;5.526;0.00025
"opioid";"white";3;2;2013;2017;16.728;11.848;21.820;1;8.071;0.00001
"opioid";"white";3;3;2017;2019;-0.797;-7.916;6.872;0;-0.240;0.81555
"other_op";"black";1;0;1999;2010;-9.115;-10.802;-7.397;1;-10.816;0.00000
"other_op";"black";1;1;2010;2019;-3.320;-6.512;-0.019;1;-2.132;0.04885
"other_op";"total";1;0;1999;2016;-1.474;-2.030;-0.915;1;-5.564;0.00004
"other_op";"total";1;1;2016;2019;-16.112;-24.030;-7.370;1;-3.757;0.00172
"other_op";"white";1;0;1999;2016;-0.189;-0.750;0.376;0;-0.709;0.48828
"other_op";"white";1;1;2016;2019;-18.316;-25.944;-9.903;1;-4.375;0.00047
"synth";"black";2;0;1999;2013;4.680;-6.427;17.104;0;0.881;0.39438
"synth";"black";2;1;2013;2016;138.025;2.076;455.040;1;2.213;0.04542
"synth";"black";2;2;2016;2019;34.358;15.803;55.886;1;4.293;0.00087
"synth";"total";3;0;1999;2006;17.208;10.675;24.127;1;6.169;0.00011
"synth";"total";3;1;2006;2013;3.885;-1.129;9.154;0;1.717;0.11680
"synth";"total";3;2;2013;2017;74.682;62.241;88.077;1;16.821;0.00000
"synth";"total";3;3;2017;2019;8.988;0.666;17.998;1;2.414;0.03640
"synth";"white";3;0;1999;2006;17.079;10.785;23.730;1;6.358;0.00008
"synth";"white";3;1;2006;2013;4.557;-0.309;9.660;0;2.083;0.06385
"synth";"white";3;2;2013;2017;72.411;60.260;85.484;1;16.606;0.00000
"synth";"white";3;3;2017;2019;6.636;-1.716;15.697;0;1.755;0.10973
