"opioid_type";"race";"year";"std_rate";"Model";"Standard Error";"Flag";"Joinpoints";"Final Selected Model"
"drug";"black";1999;7.57892;7.10645;0.15386;NA;2;2
"drug";"black";2000;7.27093;7.41108;0.14864;NA;2;2
"drug";"black";2001;7.55213;7.72876;0.15002;NA;2;2
"drug";"black";2002;8.13343;8.06005;0.15388;NA;2;2
"drug";"black";2003;8.14291;8.40555;0.15297;NA;2;2
"drug";"black";2004;8.19022;8.76586;0.15199;NA;2;2
"drug";"black";2005;9.24271;9.14162;0.15971;NA;2;2
"drug";"black";2006;10.63439;9.53348;0.17005;Joinpoint 1;2;2
"drug";"black";2007;9.55701;9.26686;0.15979;NA;2;2
"drug";"black";2008;8.29461;9.00771;0.14779;NA;2;2
"drug";"black";2009;8.17363;8.75579;0.14542;NA;2;2
"drug";"black";2010;7.89544;8.51093;0.14174;NA;2;2
"drug";"black";2011;8.47227;8.27291;0.14601;NA;2;2
"drug";"black";2012;8.64329;8.04155;0.14658;Joinpoint 2;2;2
"drug";"black";2013;9.49917;9.48336;0.15229;NA;2;2
"drug";"black";2014;10.40864;11.18367;0.15895;NA;2;2
"drug";"black";2015;12.06971;13.18884;0.17032;NA;2;2
"drug";"black";2016;16.95417;15.55353;0.20034;NA;2;2
"drug";"black";2017;20.37424;18.34220;0.21846;NA;2;2
"drug";"black";2018;20.93177;21.63085;0.22007;NA;2;2
"drug";"black";2019;24.39684;25.50915;0.23685;NA;2;2
"drug";"total";1999;6.15254;5.90662;0.04749;NA;3;3
"drug";"total";2000;6.16258;6.48472;0.04676;NA;3;3
"drug";"total";2001;6.78975;7.11940;0.04881;NA;3;3
"drug";"total";2002;8.15807;7.81621;0.05328;NA;3;3
"drug";"total";2003;8.86639;8.58121;0.05534;NA;3;3
"drug";"total";2004;9.33529;9.42108;0.05655;NA;3;3
"drug";"total";2005;10.02347;10.34315;0.05832;NA;3;3
"drug";"total";2006;11.44337;11.35547;0.06206;Joinpoint 1;3;3
"drug";"total";2007;11.85123;11.62681;0.06291;NA;3;3
"drug";"total";2008;11.88161;11.90463;0.06282;NA;3;3
"drug";"total";2009;11.94863;12.18909;0.06282;NA;3;3
"drug";"total";2010;12.26744;12.48035;0.06350;NA;3;3
"drug";"total";2011;13.15767;12.77857;0.06570;NA;3;3
"drug";"total";2012;13.10655;13.08391;0.06542;NA;3;3
"drug";"total";2013;13.74584;13.39655;0.06678;Joinpoint 2;3;3
"drug";"total";2014;14.66622;15.06924;0.06897;NA;3;3
"drug";"total";2015;16.29631;16.95077;0.07269;NA;3;3
"drug";"total";2016;19.72906;19.06724;0.07990;NA;3;3
"drug";"total";2017;21.69708;21.44796;0.08369;Joinpoint 3;3;3
"drug";"total";2018;20.68034;21.36019;0.08153;NA;3;3
"drug";"total";2019;21.60381;21.27278;0.08322;NA;3;3
"drug";"white";1999;6.20900;6.07519;0.05242;NA;3;3
"drug";"white";2000;6.37375;6.73012;0.05264;NA;3;3
"drug";"white";2001;7.11267;7.45565;0.05544;NA;3;3
"drug";"white";2002;8.69492;8.25939;0.06118;NA;3;3
"drug";"white";2003;9.57937;9.14979;0.06413;NA;3;3
"drug";"white";2004;10.16148;10.13617;0.06594;NA;3;3
"drug";"white";2005;10.87467;11.22888;0.06805;NA;3;3
"drug";"white";2006;12.45768;12.43940;0.07273;Joinpoint 1;3;3
"drug";"white";2007;13.17455;12.88790;0.07469;NA;3;3
"drug";"white";2008;13.43418;13.35258;0.07537;NA;3;3
"drug";"white";2009;13.53164;13.83400;0.07559;NA;3;3
"drug";"white";2010;14.05542;14.33279;0.07707;NA;3;3
"drug";"white";2011;15.08507;14.84956;0.07993;NA;3;3
"drug";"white";2012;15.02844;15.38496;0.07975;NA;3;3
"drug";"white";2013;15.74711;15.93967;0.08154;NA;3;3
"drug";"white";2014;16.79464;16.51437;0.08438;Joinpoint 2;3;3
"drug";"white";2015;18.67541;18.82970;0.08922;NA;3;3
"drug";"white";2016;22.35232;21.46965;0.09784;NA;3;3
"drug";"white";2017;24.34393;24.47972;0.10219;Joinpoint 3;3;3
"drug";"white";2018;22.92302;23.76664;0.09914;NA;3;3
"drug";"white";2019;23.48516;23.07433;0.10037;NA;3;3
"heroin";"black";1999;0.83265;0.82244;0.05096;NA;2;2
"heroin";"black";2000;0.88489;0.81613;0.05153;NA;2;2
"heroin";"black";2001;0.75526;0.80986;0.04722;NA;2;2
"heroin";"black";2002;0.91166;0.80363;0.05145;NA;2;2
"heroin";"black";2003;0.76906;0.79746;0.04667;NA;2;2
"heroin";"black";2004;0.62085;0.79133;0.04162;NA;2;2
"heroin";"black";2005;0.77993;0.78525;0.04634;NA;2;2
"heroin";"black";2006;0.72906;0.77922;0.04424;NA;2;2
"heroin";"black";2007;0.76081;0.77323;0.04501;NA;2;2
"heroin";"black";2008;0.77435;0.76729;0.04466;NA;2;2
"heroin";"black";2009;0.88483;0.76139;0.04745;NA;2;2
"heroin";"black";2010;0.74938;0.75554;0.04333;Joinpoint 1;2;2
"heroin";"black";2011;0.96561;1.01774;0.04890;NA;2;2
"heroin";"black";2012;1.29535;1.37093;0.05645;NA;2;2
"heroin";"black";2013;2.01624;1.84668;0.06962;NA;2;2
"heroin";"black";2014;2.50951;2.48753;0.07766;NA;2;2
"heroin";"black";2015;3.11517;3.35078;0.08615;NA;2;2
"heroin";"black";2016;4.48878;4.51359;0.10285;Joinpoint 2;2;2
"heroin";"black";2017;4.90313;4.69772;0.10654;NA;2;2
"heroin";"black";2018;4.88873;4.88935;0.10591;NA;2;2
"heroin";"black";2019;5.01978;5.08880;0.10704;NA;2;2
"heroin";"total";1999;0.71624;0.68804;0.01619;NA;3;3
"heroin";"total";2000;0.65010;0.68404;0.01516;NA;3;3
"heroin";"total";2001;0.62163;0.68007;0.01475;NA;3;3
"heroin";"total";2002;0.72654;0.67612;0.01591;NA;3;3
"heroin";"total";2003;0.71679;0.67219;0.01574;NA;3;3
"heroin";"total";2004;0.63967;0.66829;0.01480;NA;3;3
"heroin";"total";2005;0.67773;0.66441;0.01518;Joinpoint 1;3;3
"heroin";"total";2006;0.69637;0.74404;0.01533;NA;3;3
"heroin";"total";2007;0.79647;0.83323;0.01636;NA;3;3
"heroin";"total";2008;1.00559;0.93310;0.01837;NA;3;3
"heroin";"total";2009;1.07349;1.04494;0.01891;NA;3;3
"heroin";"total";2010;0.99225;1.17019;0.01819;Joinpoint 2;3;3
"heroin";"total";2011;1.42226;1.50043;0.02169;NA;3;3
"heroin";"total";2012;1.91626;1.92388;0.02520;NA;3;3
"heroin";"total";2013;2.64848;2.46684;0.02955;NA;3;3
"heroin";"total";2014;3.38708;3.16302;0.03344;NA;3;3
"heroin";"total";2015;4.14273;4.05568;0.03694;NA;3;3
"heroin";"total";2016;4.89981;5.20027;0.04008;Joinpoint 3;3;3
"heroin";"total";2017;4.86142;4.90964;0.03981;NA;3;3
"heroin";"total";2018;4.69090;4.63526;0.03907;NA;3;3
"heroin";"total";2019;4.35489;4.37621;0.03756;NA;3;3
"heroin";"white";1999;0.74068;0.69111;0.01815;NA;2;2
"heroin";"white";2000;0.66313;0.70054;0.01702;NA;2;2
"heroin";"white";2001;0.65272;0.71010;0.01685;NA;2;2
"heroin";"white";2002;0.75897;0.71979;0.01816;NA;2;2
"heroin";"white";2003;0.76771;0.72961;0.01823;NA;2;2
"heroin";"white";2004;0.69788;0.73957;0.01737;NA;2;2
"heroin";"white";2005;0.72317;0.74966;0.01766;NA;2;2
"heroin";"white";2006;0.75860;0.75989;0.01806;NA;2;2
"heroin";"white";2007;0.87899;0.77026;0.01945;Joinpoint 1;2;2
"heroin";"white";2008;1.15181;0.96429;0.02236;NA;2;2
"heroin";"white";2009;1.21738;1.20719;0.02293;NA;2;2
"heroin";"white";2010;1.14451;1.51128;0.02231;NA;2;2
"heroin";"white";2011;1.65535;1.89197;0.02678;NA;2;2
"heroin";"white";2012;2.24546;2.36855;0.03126;NA;2;2
"heroin";"white";2013;3.07246;2.96518;0.03658;NA;2;2
"heroin";"white";2014;3.94975;3.71210;0.04154;NA;2;2
"heroin";"white";2015;4.82822;4.64717;0.04597;NA;2;2
"heroin";"white";2016;5.59839;5.81777;0.04951;Joinpoint 2;2;2
"heroin";"white";2017;5.47870;5.48103;0.04895;NA;2;2
"heroin";"white";2018;5.27176;5.16378;0.04803;NA;2;2
"heroin";"white";2019;4.79251;4.86490;0.04576;NA;2;2
"methadone";"black";1999;0.21303;0.20377;0.02546;NA;2;2
"methadone";"black";2000;0.20458;0.24955;0.02459;NA;2;2
"methadone";"black";2001;0.30720;0.30563;0.02996;NA;2;2
"methadone";"black";2002;0.41107;0.37431;0.03436;NA;2;2
"methadone";"black";2003;0.42168;0.45841;0.03449;NA;2;2
"methadone";"black";2004;0.60030;0.56142;0.04053;NA;2;2
"methadone";"black";2005;0.72077;0.68758;0.04432;NA;2;2
"methadone";"black";2006;0.85997;0.84208;0.04806;Joinpoint 1;2;2
"methadone";"black";2007;0.82283;0.79438;0.04633;NA;2;2
"methadone";"black";2008;0.64583;0.74938;0.04087;NA;2;2
"methadone";"black";2009;0.67814;0.70693;0.04130;NA;2;2
"methadone";"black";2010;0.61847;0.66688;0.03907;NA;2;2
"methadone";"black";2011;0.68970;0.62911;0.04128;NA;2;2
"methadone";"black";2012;0.58436;0.59347;0.03766;NA;2;2
"methadone";"black";2013;0.57730;0.55985;0.03735;Joinpoint 2;2;2
"methadone";"black";2014;0.60868;0.59281;0.03809;NA;2;2
"methadone";"black";2015;0.57909;0.62771;0.03691;NA;2;2
"methadone";"black";2016;0.67624;0.66467;0.03935;NA;2;2
"methadone";"black";2017;0.75736;0.70380;0.04145;NA;2;2
"methadone";"black";2018;0.73239;0.74524;0.04034;NA;2;2
"methadone";"black";2019;0.77004;0.78911;0.04107;NA;2;2
"methadone";"total";1999;0.28704;0.26925;0.01025;NA;2;2
"methadone";"total";2000;0.34960;0.37967;0.01114;NA;2;2
"methadone";"total";2001;0.50907;0.53537;0.01336;NA;2;2
"methadone";"total";2002;0.81829;0.75492;0.01687;NA;2;2
"methadone";"total";2003;1.02318;1.06451;0.01880;Joinpoint 1;2;2
"methadone";"total";2004;1.31161;1.27924;0.02121;NA;2;2
"methadone";"total";2005;1.50454;1.53730;0.02261;NA;2;2
"methadone";"total";2006;1.80628;1.84740;0.02469;Joinpoint 2;2;2
"methadone";"total";2007;1.82391;1.73754;0.02470;NA;2;2
"methadone";"total";2008;1.61364;1.63421;0.02317;NA;2;2
"methadone";"total";2009;1.52577;1.53702;0.02249;NA;2;2
"methadone";"total";2010;1.47450;1.44562;0.02205;NA;2;2
"methadone";"total";2011;1.42201;1.35965;0.02170;NA;2;2
"methadone";"total";2012;1.25454;1.27879;0.02033;NA;2;2
"methadone";"total";2013;1.13615;1.20274;0.01931;NA;2;2
"methadone";"total";2014;1.06561;1.13121;0.01864;NA;2;2
"methadone";"total";2015;1.02253;1.06394;0.01820;NA;2;2
"methadone";"total";2016;1.03898;1.00067;0.01833;NA;2;2
"methadone";"total";2017;0.97222;0.94116;0.01764;NA;2;2
"methadone";"total";2018;0.91477;0.88519;0.01708;NA;2;2
"methadone";"total";2019;0.82585;0.83255;0.01621;NA;2;2
"methadone";"white";1999;0.31301;0.29689;0.01179;NA;2;2
"methadone";"white";2000;0.39449;0.42411;0.01312;NA;2;2
"methadone";"white";2001;0.57592;0.60583;0.01580;NA;2;2
"methadone";"white";2002;0.94088;0.86543;0.02018;NA;2;2
"methadone";"white";2003;1.19661;1.23625;0.02275;Joinpoint 1;2;2
"methadone";"white";2004;1.52632;1.49533;0.02566;NA;2;2
"methadone";"white";2005;1.75047;1.80871;0.02741;NA;2;2
"methadone";"white";2006;2.11501;2.18777;0.03012;Joinpoint 2;2;2
"methadone";"white";2007;2.15226;2.05431;0.03033;NA;2;2
"methadone";"white";2008;1.91267;1.92899;0.02856;NA;2;2
"methadone";"white";2009;1.79829;1.81131;0.02771;NA;2;2
"methadone";"white";2010;1.75353;1.70081;0.02735;NA;2;2
"methadone";"white";2011;1.67715;1.59706;0.02685;NA;2;2
"methadone";"white";2012;1.48145;1.49963;0.02520;NA;2;2
"methadone";"white";2013;1.34121;1.40815;0.02397;NA;2;2
"methadone";"white";2014;1.25799;1.32225;0.02320;NA;2;2
"methadone";"white";2015;1.20680;1.24158;0.02267;NA;2;2
"methadone";"white";2016;1.21510;1.16584;0.02282;NA;2;2
"methadone";"white";2017;1.11760;1.09472;0.02183;NA;2;2
"methadone";"white";2018;1.05537;1.02794;0.02121;NA;2;2
"methadone";"white";2019;0.93646;0.96523;0.02002;NA;2;2
"natural";"black";1999;0.62230;0.60026;0.04417;NA;2;2
"natural";"black";2000;0.59762;0.64630;0.04242;NA;2;2
"natural";"black";2001;0.65532;0.69587;0.04407;NA;2;2
"natural";"black";2002;0.78190;0.74923;0.04775;NA;2;2
"natural";"black";2003;0.74506;0.80669;0.04605;NA;2;2
"natural";"black";2004;0.85726;0.86856;0.04873;NA;2;2
"natural";"black";2005;0.93640;0.93517;0.05079;NA;2;2
"natural";"black";2006;1.03502;1.00689;0.05266;NA;2;2
"natural";"black";2007;1.09213;1.08411;0.05353;NA;2;2
"natural";"black";2008;1.23064;1.16725;0.05661;NA;2;2
"natural";"black";2009;1.32862;1.25677;0.05879;NA;2;2
"natural";"black";2010;1.40669;1.35316;0.05930;NA;2;2
"natural";"black";2011;1.44550;1.45693;0.05996;NA;2;2
"natural";"black";2012;1.53960;1.56867;0.06172;NA;2;2
"natural";"black";2013;1.65559;1.68897;0.06354;Joinpoint 1;2;2
"natural";"black";2014;1.95313;1.96234;0.06858;NA;2;2
"natural";"black";2015;2.11276;2.27995;0.07178;NA;2;2
"natural";"black";2016;2.69224;2.64897;0.07976;Joinpoint 2;2;2
"natural";"black";2017;2.85933;2.71875;0.08186;NA;2;2
"natural";"black";2018;2.68993;2.79036;0.07887;NA;2;2
"natural";"black";2019;2.88209;2.86385;0.08159;NA;2;2
"natural";"total";1999;1.00560;0.99437;0.01920;NA;2;2
"natural";"total";2000;1.03354;1.12064;0.01915;NA;2;2
"natural";"total";2001;1.21754;1.26294;0.02066;NA;2;2
"natural";"total";2002;1.53181;1.42331;0.02307;NA;2;2
"natural";"total";2003;1.67171;1.60405;0.02400;NA;2;2
"natural";"total";2004;1.77547;1.80774;0.02462;NA;2;2
"natural";"total";2005;1.93700;2.03729;0.02560;NA;2;2
"natural";"total";2006;2.32267;2.29600;0.02790;NA;2;2
"natural";"total";2007;2.68293;2.58755;0.02992;NA;2;2
"natural";"total";2008;2.97029;2.91613;0.03138;NA;2;2
"natural";"total";2009;3.14197;3.28643;0.03220;Joinpoint 1;2;2
"natural";"total";2010;3.51501;3.40074;0.03404;NA;2;2
"natural";"total";2011;3.72867;3.51903;0.03500;NA;2;2
"natural";"total";2012;3.52184;3.64143;0.03394;NA;2;2
"natural";"total";2013;3.53471;3.76808;0.03382;NA;2;2
"natural";"total";2014;3.75988;3.89915;0.03484;NA;2;2
"natural";"total";2015;3.92030;4.03477;0.03556;NA;2;2
"natural";"total";2016;4.42934;4.17511;0.03768;NA;2;2
"natural";"total";2017;4.40679;4.32033;0.03751;Joinpoint 2;2;2
"natural";"total";2018;3.77236;3.89142;0.03456;NA;2;2
"natural";"total";2019;3.56313;3.50510;0.03356;NA;2;2
"natural";"white";1999;1.10932;1.10970;0.02217;NA;2;2
"natural";"white";2000;1.16015;1.25831;0.02247;NA;2;2
"natural";"white";2001;1.38060;1.42682;0.02443;NA;2;2
"natural";"white";2002;1.74388;1.61790;0.02739;NA;2;2
"natural";"white";2003;1.93120;1.83456;0.02877;NA;2;2
"natural";"white";2004;2.04151;2.08024;0.02950;NA;2;2
"natural";"white";2005;2.23038;2.35881;0.03075;NA;2;2
"natural";"white";2006;2.70114;2.67470;0.03378;NA;2;2
"natural";"white";2007;3.15455;3.03289;0.03652;NA;2;2
"natural";"white";2008;3.49542;3.43904;0.03841;NA;2;2
"natural";"white";2009;3.69083;3.89958;0.03944;Joinpoint 1;2;2
"natural";"white";2010;4.16593;4.02786;0.04202;NA;2;2
"natural";"white";2011;4.44148;4.16035;0.04338;NA;2;2
"natural";"white";2012;4.16179;4.29721;0.04196;NA;2;2
"natural";"white";2013;4.17077;4.43856;0.04184;NA;2;2
"natural";"white";2014;4.40725;4.58457;0.04303;NA;2;2
"natural";"white";2015;4.61313;4.73538;0.04408;NA;2;2
"natural";"white";2016;5.19063;4.89114;0.04679;NA;2;2
"natural";"white";2017;5.13491;5.05204;0.04649;Joinpoint 2;2;2
"natural";"white";2018;4.37335;4.50106;0.04281;NA;2;2
"natural";"white";2019;4.07265;4.01016;0.04132;NA;2;2
"nonh_nonm";"black";1999;2.74200;2.59731;0.09196;NA;2;2
"nonh_nonm";"black";2000;2.60930;2.57389;0.08838;NA;2;2
"nonh_nonm";"black";2001;2.52000;2.55067;0.08610;NA;2;2
"nonh_nonm";"black";2002;2.57527;2.52767;0.08631;NA;2;2
"nonh_nonm";"black";2003;2.47011;2.50487;0.08383;NA;2;2
"nonh_nonm";"black";2004;2.15844;2.48228;0.07769;NA;2;2
"nonh_nonm";"black";2005;2.24583;2.45989;0.07864;NA;2;2
"nonh_nonm";"black";2006;2.98226;2.43771;0.08975;NA;2;2
"nonh_nonm";"black";2007;2.23012;2.41572;0.07677;NA;2;2
"nonh_nonm";"black";2008;2.24941;2.39393;0.07665;NA;2;2
"nonh_nonm";"black";2009;2.30383;2.37234;0.07734;NA;2;2
"nonh_nonm";"black";2010;2.23910;2.35094;0.07517;NA;2;2
"nonh_nonm";"black";2011;2.41688;2.32974;0.07773;NA;2;2
"nonh_nonm";"black";2012;2.48879;2.30873;0.07832;NA;2;2
"nonh_nonm";"black";2013;2.52272;2.28791;0.07838;Joinpoint 1;2;2
"nonh_nonm";"black";2014;3.26220;3.36641;0.08903;NA;2;2
"nonh_nonm";"black";2015;4.17960;4.95332;0.10037;NA;2;2
"nonh_nonm";"black";2016;7.85144;7.28828;0.13599;NA;2;2
"nonh_nonm";"black";2017;10.84555;10.72394;0.15939;Joinpoint 2;2;2
"nonh_nonm";"black";2018;12.51894;12.89717;0.17026;NA;2;2
"nonh_nonm";"black";2019;15.69477;15.51081;0.18998;NA;2;2
"nonh_nonm";"total";1999;2.24326;2.18435;0.02866;NA;3;3
"nonh_nonm";"total";2000;2.22927;2.35754;0.02812;NA;3;3
"nonh_nonm";"total";2001;2.44105;2.54446;0.02926;NA;3;3
"nonh_nonm";"total";2002;2.91569;2.74621;0.03185;NA;3;3
"nonh_nonm";"total";2003;3.06520;2.96395;0.03254;NA;3;3
"nonh_nonm";"total";2004;3.10139;3.19896;0.03259;NA;3;3
"nonh_nonm";"total";2005;3.28798;3.45260;0.03339;NA;3;3
"nonh_nonm";"total";2006;3.91168;3.72635;0.03626;NA;3;3
"nonh_nonm";"total";2007;4.03241;4.02181;0.03672;NA;3;3
"nonh_nonm";"total";2008;4.36897;4.34070;0.03810;NA;3;3
"nonh_nonm";"total";2009;4.61031;4.68486;0.03902;Joinpoint 1;3;3
"nonh_nonm";"total";2010;4.89757;4.82981;0.04020;NA;3;3
"nonh_nonm";"total";2011;5.13065;4.97924;0.04109;NA;3;3
"nonh_nonm";"total";2012;4.90201;5.13329;0.04006;NA;3;3
"nonh_nonm";"total";2013;4.96483;5.29211;0.04013;NA;3;3
"nonh_nonm";"total";2014;5.72578;5.45585;0.04311;Joinpoint 2;3;3
"nonh_nonm";"total";2015;6.94763;7.18470;0.04755;NA;3;3
"nonh_nonm";"total";2016;10.02439;9.46140;0.05712;NA;3;3
"nonh_nonm";"total";2017;12.35970;12.45954;0.06336;Joinpoint 3;3;3
"nonh_nonm";"total";2018;12.52471;12.94777;0.06370;NA;3;3
"nonh_nonm";"total";2019;13.66101;13.45514;0.06643;NA;3;3
"nonh_nonm";"white";1999;2.27817;2.26506;0.03179;NA;3;3
"nonh_nonm";"white";2000;2.31806;2.47539;0.03178;NA;3;3
"nonh_nonm";"white";2001;2.59823;2.70526;0.03353;NA;3;3
"nonh_nonm";"white";2002;3.16716;2.95647;0.03695;NA;3;3
"nonh_nonm";"white";2003;3.37814;3.23102;0.03811;NA;3;3
"nonh_nonm";"white";2004;3.47113;3.53105;0.03854;NA;3;3
"nonh_nonm";"white";2005;3.68945;3.85895;0.03962;NA;3;3
"nonh_nonm";"white";2006;4.37353;4.21729;0.04308;NA;3;3
"nonh_nonm";"white";2007;4.65009;4.60892;0.04441;NA;3;3
"nonh_nonm";"white";2008;5.07006;5.03691;0.04631;NA;3;3
"nonh_nonm";"white";2009;5.35774;5.50464;0.04755;Joinpoint 1;3;3
"nonh_nonm";"white";2010;5.77353;5.67603;0.04951;NA;3;3
"nonh_nonm";"white";2011;6.04747;5.85275;0.05068;NA;3;3
"nonh_nonm";"white";2012;5.74739;6.03498;0.04938;NA;3;3
"nonh_nonm";"white";2013;5.84567;6.22288;0.04965;NA;3;3
"nonh_nonm";"white";2014;6.69465;6.41663;0.05325;Joinpoint 2;3;3
"nonh_nonm";"white";2015;8.17099;8.37634;0.05910;NA;3;3
"nonh_nonm";"white";2016;11.56827;10.93456;0.07065;NA;3;3
"nonh_nonm";"white";2017;14.12002;14.27409;0.07813;Joinpoint 3;3;3
"nonh_nonm";"white";2018;14.08981;14.52488;0.07814;NA;3;3
"nonh_nonm";"white";2019;14.99286;14.78007;0.08061;NA;3;3
"nonopioid";"black";1999;4.05272;3.65828;0.11313;NA;2;2
"nonopioid";"black";2000;3.82677;3.94909;0.10865;NA;2;2
"nonopioid";"black";2001;4.20327;4.26302;0.11259;NA;2;2
"nonopioid";"black";2002;4.53018;4.60190;0.11521;NA;2;2
"nonopioid";"black";2003;4.68722;4.96772;0.11661;NA;2;2
"nonopioid";"black";2004;5.03569;5.36262;0.11967;NA;2;2
"nonopioid";"black";2005;5.82841;5.78891;0.12705;NA;2;2
"nonopioid";"black";2006;6.48051;6.24909;0.13310;Joinpoint 1;2;2
"nonopioid";"black";2007;6.03705;5.66998;0.12739;NA;2;2
"nonopioid";"black";2008;4.90324;5.14454;0.11410;NA;2;2
"nonopioid";"black";2009;4.61605;4.66779;0.10959;NA;2;2
"nonopioid";"black";2010;4.56122;4.23522;0.10825;Joinpoint 2;2;2
"nonopioid";"black";2011;4.76734;4.52278;0.10997;NA;2;2
"nonopioid";"black";2012;4.63576;4.82986;0.10778;NA;2;2
"nonopioid";"black";2013;4.86814;5.15780;0.10946;NA;2;2
"nonopioid";"black";2014;4.86290;5.50800;0.10885;NA;2;2
"nonopioid";"black";2015;5.50794;5.88198;0.11516;NA;2;2
"nonopioid";"black";2016;6.68065;6.28135;0.12619;NA;2;2
"nonopioid";"black";2017;7.63748;6.70784;0.13393;NA;2;2
"nonopioid";"black";2018;7.01870;7.16329;0.12753;NA;2;2
"nonopioid";"black";2019;7.29534;7.64965;0.12949;NA;2;2
"nonopioid";"total";1999;3.20863;3.06020;0.03431;NA;3;3
"nonopioid";"total";2000;3.18766;3.32971;0.03364;NA;3;3
"nonopioid";"total";2001;3.46634;3.62295;0.03489;NA;3;3
"nonopioid";"total";2002;4.01839;3.94202;0.03739;NA;3;3
"nonopioid";"total";2003;4.41077;4.28919;0.03903;NA;3;3
"nonopioid";"total";2004;4.64977;4.66693;0.03991;NA;3;3
"nonopioid";"total";2005;5.00017;5.07795;0.04118;NA;3;3
"nonopioid";"total";2006;5.60263;5.52516;0.04341;Joinpoint 1;3;3
"nonopioid";"total";2007;5.73751;5.55023;0.04372;NA;3;3
"nonopioid";"total";2008;5.47490;5.57541;0.04260;NA;3;3
"nonopioid";"total";2009;5.32931;5.60070;0.04190;NA;3;3
"nonopioid";"total";2010;5.47453;5.62611;0.04230;NA;3;3
"nonopioid";"total";2011;5.85493;5.65164;0.04370;NA;3;3
"nonopioid";"total";2012;5.73005;5.67728;0.04309;NA;3;3
"nonopioid";"total";2013;5.85034;5.70304;0.04340;NA;3;3
"nonopioid";"total";2014;5.66048;5.72892;0.04265;Joinpoint 2;3;3
"nonopioid";"total";2015;5.91364;6.05591;0.04355;NA;3;3
"nonopioid";"total";2016;6.50895;6.40156;0.04559;NA;3;3
"nonopioid";"total";2017;6.86346;6.76694;0.04678;Joinpoint 3;3;3
"nonopioid";"total";2018;6.15088;6.39876;0.04407;NA;3;3
"nonopioid";"total";2019;6.17042;6.05061;0.04405;NA;3;3
"nonopioid";"white";1999;3.20128;3.09259;0.03759;NA;1;1
"nonopioid";"white";2000;3.26916;3.39046;0.03764;NA;1;1
"nonopioid";"white";2001;3.55605;3.71702;0.03915;NA;1;1
"nonopioid";"white";2002;4.17631;4.07503;0.04232;NA;1;1
"nonopioid";"white";2003;4.63549;4.46752;0.04453;NA;1;1
"nonopioid";"white";2004;4.88340;4.89782;0.04564;NA;1;1
"nonopioid";"white";2005;5.21131;5.36956;0.04703;NA;1;1
"nonopioid";"white";2006;5.85874;5.88674;0.04978;Joinpoint 1;1;1
"nonopioid";"white";2007;6.11904;5.95915;0.05076;NA;1;1
"nonopioid";"white";2008;5.98585;6.03245;0.05015;NA;1;1
"nonopioid";"white";2009;5.84529;6.10665;0.04951;NA;1;1
"nonopioid";"white";2010;6.05938;6.18177;0.05035;NA;1;1
"nonopioid";"white";2011;6.49277;6.25781;0.05216;NA;1;1
"nonopioid";"white";2012;6.37785;6.33478;0.05163;NA;1;1
"nonopioid";"white";2013;6.49411;6.41271;0.05202;NA;1;1
"nonopioid";"white";2014;6.25466;6.49159;0.05111;NA;1;1
"nonopioid";"white";2015;6.47492;6.57144;0.05211;NA;1;1
"nonopioid";"white";2016;7.06732;6.65227;0.05447;NA;1;1
"nonopioid";"white";2017;7.35223;6.73410;0.05566;NA;1;1
"nonopioid";"white";2018;6.48868;6.81693;0.05208;NA;1;1
"nonopioid";"white";2019;6.45681;6.90079;0.05192;NA;1;1
"opioid";"black";1999;3.52621;3.38128;0.10429;NA;1;1
"opioid";"black";2000;3.44416;3.40821;0.10144;NA;1;1
"opioid";"black";2001;3.34886;3.43537;0.09914;NA;1;1
"opioid";"black";2002;3.60326;3.46273;0.10200;NA;1;1
"opioid";"black";2003;3.45569;3.49032;0.09901;NA;1;1
"opioid";"black";2004;3.15453;3.51813;0.09370;NA;1;1
"opioid";"black";2005;3.41430;3.54616;0.09678;NA;1;1
"opioid";"black";2006;4.15387;3.57441;0.10584;NA;1;1
"opioid";"black";2007;3.51996;3.60288;0.09646;NA;1;1
"opioid";"black";2008;3.39137;3.63158;0.09392;NA;1;1
"opioid";"black";2009;3.55758;3.66052;0.09559;NA;1;1
"opioid";"black";2010;3.33422;3.68968;0.09151;NA;1;1
"opioid";"black";2011;3.70493;3.71907;0.09605;NA;1;1
"opioid";"black";2012;4.00753;3.74870;0.09935;Joinpoint 1;1;1
"opioid";"black";2013;4.63104;4.68858;0.10589;NA;1;1
"opioid";"black";2014;5.54574;5.86409;0.11584;NA;1;1
"opioid";"black";2015;6.56178;7.33434;0.12549;NA;1;1
"opioid";"black";2016;10.27352;9.17320;0.15560;NA;1;1
"opioid";"black";2017;12.73676;11.47311;0.17258;NA;1;1
"opioid";"black";2018;13.91307;14.34964;0.17935;NA;1;1
"opioid";"black";2019;17.10150;17.94738;0.19832;NA;1;1
"opioid";"total";1999;2.94391;2.85003;0.03283;NA;3;3
"opioid";"total";2000;2.97492;3.15675;0.03247;NA;3;3
"opioid";"total";2001;3.32341;3.49648;0.03413;NA;3;3
"opioid";"total";2002;4.13969;3.87278;0.03796;NA;3;3
"opioid";"total";2003;4.45562;4.28957;0.03924;NA;3;3
"opioid";"total";2004;4.68551;4.75122;0.04006;NA;3;3
"opioid";"total";2005;5.02330;5.26255;0.04129;NA;3;3
"opioid";"total";2006;5.84073;5.82891;0.04434;Joinpoint 1;3;3
"opioid";"total";2007;6.11372;6.07447;0.04524;NA;3;3
"opioid";"total";2008;6.40671;6.33037;0.04617;NA;3;3
"opioid";"total";2009;6.61932;6.59705;0.04681;NA;3;3
"opioid";"total";2010;6.79291;6.87497;0.04736;NA;3;3
"opioid";"total";2011;7.30274;7.16459;0.04906;NA;3;3
"opioid";"total";2012;7.37650;7.46641;0.04922;NA;3;3
"opioid";"total";2013;7.89550;7.78095;0.05075;Joinpoint 2;3;3
"opioid";"total";2014;9.00574;9.14349;0.05420;NA;3;3
"opioid";"total";2015;10.38267;10.74463;0.05819;NA;3;3
"opioid";"total";2016;13.22011;12.62615;0.06561;NA;3;3
"opioid";"total";2017;14.83362;14.83714;0.06939;Joinpoint 3;3;3
"opioid";"total";2018;14.52946;15.01579;0.06859;NA;3;3
"opioid";"total";2019;15.43339;15.19659;0.07061;NA;3;3
"opioid";"white";1999;3.00772;2.95319;0.03654;NA;3;3
"opioid";"white";2000;3.10459;3.31967;0.03679;NA;3;3
"opioid";"white";2001;3.55662;3.73163;0.03925;NA;3;3
"opioid";"white";2002;4.51861;4.19470;0.04418;NA;3;3
"opioid";"white";2003;4.94388;4.71525;0.04616;NA;3;3
"opioid";"white";2004;5.27808;5.30039;0.04760;NA;3;3
"opioid";"white";2005;5.66336;5.95814;0.04919;NA;3;3
"opioid";"white";2006;6.59894;6.69752;0.05302;Joinpoint 1;3;3
"opioid";"white";2007;7.05551;7.00708;0.05479;NA;3;3
"opioid";"white";2008;7.44834;7.33094;0.05627;NA;3;3
"opioid";"white";2009;7.68635;7.66977;0.05712;NA;3;3
"opioid";"white";2010;7.99604;8.02427;0.05835;NA;3;3
"opioid";"white";2011;8.59231;8.39515;0.06056;NA;3;3
"opioid";"white";2012;8.65059;8.78317;0.06078;NA;3;3
"opioid";"white";2013;9.25301;9.18913;0.06280;Joinpoint 2;3;3
"opioid";"white";2014;10.53997;10.72626;0.06714;NA;3;3
"opioid";"white";2015;12.20049;12.52053;0.07242;NA;3;3
"opioid";"white";2016;15.28500;14.61494;0.08127;NA;3;3
"opioid";"white";2017;16.99170;17.05970;0.08570;Joinpoint 3;3;3
"opioid";"white";2018;16.43434;16.92369;0.08436;NA;3;3
"opioid";"white";2019;17.02835;16.78877;0.08590;NA;3;3
"other_op";"black";1999;2.05618;2.14775;0.07944;NA;1;1
"other_op";"black";2000;1.93655;1.95197;0.07604;NA;1;1
"other_op";"black";2001;1.74711;1.77404;0.07154;NA;1;1
"other_op";"black";2002;1.68570;1.61233;0.06972;NA;1;1
"other_op";"black";2003;1.63031;1.46536;0.06811;NA;1;1
"other_op";"black";2004;1.22157;1.33179;0.05866;NA;1;1
"other_op";"black";2005;1.15939;1.21039;0.05650;NA;1;1
"other_op";"black";2006;1.21679;1.10006;0.05745;NA;1;1
"other_op";"black";2007;0.98092;0.99978;0.05103;NA;1;1
"other_op";"black";2008;0.89473;0.90865;0.04857;NA;1;1
"other_op";"black";2009;0.78488;0.82582;0.04526;NA;1;1
"other_op";"black";2010;0.61370;0.75054;0.03980;Joinpoint 1;1;1
"other_op";"black";2011;0.78116;0.72562;0.04432;NA;1;1
"other_op";"black";2012;0.79465;0.70153;0.04410;NA;1;1
"other_op";"black";2013;0.60292;0.67824;0.03806;NA;1;1
"other_op";"black";2014;0.58810;0.65572;0.03767;NA;1;1
"other_op";"black";2015;0.59373;0.63395;0.03797;NA;1;1
"other_op";"black";2016;0.78502;0.61290;0.04300;NA;1;1
"other_op";"black";2017;0.65911;0.59255;0.03909;NA;1;1
"other_op";"black";2018;0.52112;0.57288;0.03449;NA;1;1
"other_op";"black";2019;0.45361;0.55386;0.03192;NA;1;1
"other_op";"total";1999;1.05509;1.05738;0.01964;NA;1;1
"other_op";"total";2000;1.01633;1.04179;0.01898;NA;1;1
"other_op";"total";2001;1.00644;1.02643;0.01879;NA;1;1
"other_op";"total";2002;1.09110;1.01130;0.01950;NA;1;1
"other_op";"total";2003;1.07412;0.99639;0.01929;NA;1;1
"other_op";"total";2004;0.94166;0.98170;0.01800;NA;1;1
"other_op";"total";2005;0.96585;0.96723;0.01812;NA;1;1
"other_op";"total";2006;0.97060;0.95297;0.01811;NA;1;1
"other_op";"total";2007;0.89101;0.93892;0.01732;NA;1;1
"other_op";"total";2008;0.95636;0.92508;0.01786;NA;1;1
"other_op";"total";2009;0.85757;0.91144;0.01686;NA;1;1
"other_op";"total";2010;0.77414;0.89800;0.01604;NA;1;1
"other_op";"total";2011;0.90444;0.88476;0.01730;NA;1;1
"other_op";"total";2012;0.88512;0.87172;0.01704;NA;1;1
"other_op";"total";2013;0.85890;0.85887;0.01677;NA;1;1
"other_op";"total";2014;0.79659;0.84621;0.01607;NA;1;1
"other_op";"total";2015;0.86902;0.83373;0.01683;NA;1;1
"other_op";"total";2016;0.85397;0.82144;0.01664;Joinpoint 1;1;1
"other_op";"total";2017;0.74307;0.68909;0.01545;NA;1;1
"other_op";"total";2018;0.57116;0.57806;0.01354;NA;1;1
"other_op";"total";2019;0.47070;0.48492;0.01226;NA;1;1
"other_op";"white";1999;0.96368;1.00605;0.02069;NA;1;1
"other_op";"white";2000;0.95350;1.00415;0.02041;NA;1;1
"other_op";"white";2001;0.97104;1.00226;0.02053;NA;1;1
"other_op";"white";2002;1.08402;1.00037;0.02168;NA;1;1
"other_op";"white";2003;1.07155;0.99848;0.02152;NA;1;1
"other_op";"white";2004;0.97372;0.99659;0.02050;NA;1;1
"other_op";"white";2005;1.01605;0.99471;0.02088;NA;1;1
"other_op";"white";2006;1.01968;0.99284;0.02090;NA;1;1
"other_op";"white";2007;0.95432;0.99097;0.02024;NA;1;1
"other_op";"white";2008;1.05556;0.98910;0.02122;NA;1;1
"other_op";"white";2009;0.94541;0.98723;0.02005;NA;1;1
"other_op";"white";2010;0.88005;0.98537;0.01944;NA;1;1
"other_op";"white";2011;1.01551;0.98351;0.02091;NA;1;1
"other_op";"white";2012;0.98780;0.98165;0.02059;NA;1;1
"other_op";"white";2013;0.99773;0.97980;0.02070;NA;1;1
"other_op";"white";2014;0.91312;0.97795;0.01970;NA;1;1
"other_op";"white";2015;1.00645;0.97611;0.02078;NA;1;1
"other_op";"white";2016;0.96156;0.97427;0.02034;Joinpoint 1;1;1
"other_op";"white";2017;0.83902;0.79582;0.01895;NA;1;1
"other_op";"white";2018;0.64254;0.65005;0.01662;NA;1;1
"other_op";"white";2019;0.52108;0.53099;0.01492;NA;1;1
"synth";"black";1999;0.11512;0.23446;0.01892;NA;2;2
"synth";"black";2000;0.11989;0.24543;0.01909;NA;2;2
"synth";"black";2001;0.14911;0.25692;0.02106;NA;2;2
"synth";"black";2002;0.17704;0.26894;0.02263;NA;2;2
"synth";"black";2003;0.14090;0.28153;0.01982;NA;2;2
"synth";"black";2004;0.17385;0.29470;0.02178;NA;2;2
"synth";"black";2005;0.23043;0.30849;0.02507;NA;2;2
"synth";"black";2006;0.96676;0.32293;0.05117;NA;2;2
"synth";"black";2007;0.24444;0.33804;0.02567;NA;2;2
"synth";"black";2008;0.23367;0.35386;0.02493;NA;2;2
"synth";"black";2009;0.33434;0.37041;0.02914;NA;2;2
"synth";"black";2010;0.35820;0.38775;0.03004;NA;2;2
"synth";"black";2011;0.32686;0.40589;0.02850;NA;2;2
"synth";"black";2012;0.30419;0.42489;0.02728;NA;2;2
"synth";"black";2013;0.48150;0.44477;0.03415;Joinpoint 1;2;2
"synth";"black";2014;1.08610;1.05866;0.05159;NA;2;2
"synth";"black";2015;2.10127;2.51989;0.07080;NA;2;2
"synth";"black";2016;5.62424;5.99797;0.11498;Joinpoint 2;2;2
"synth";"black";2017;8.85473;8.05874;0.14393;NA;2;2
"synth";"black";2018;10.96007;10.82755;0.15939;NA;2;2
"synth";"black";2019;14.18190;14.54765;0.18050;NA;2;2
"synth";"total";1999;0.26792;0.25506;0.00992;NA;3;3
"synth";"total";2000;0.27820;0.29895;0.00995;NA;3;3
"synth";"total";2001;0.33556;0.35040;0.01086;NA;3;3
"synth";"total";2002;0.44941;0.41069;0.01250;NA;3;3
"synth";"total";2003;0.48310;0.48137;0.01293;NA;3;3
"synth";"total";2004;0.56737;0.56420;0.01395;NA;3;3
"synth";"total";2005;0.58689;0.66129;0.01412;NA;3;3
"synth";"total";2006;0.90171;0.77509;0.01743;Joinpoint 1;3;3
"synth";"total";2007;0.72949;0.80521;0.01562;NA;3;3
"synth";"total";2008;0.75237;0.83649;0.01581;NA;3;3
"synth";"total";2009;0.94746;0.86899;0.01767;NA;3;3
"synth";"total";2010;0.96196;0.90275;0.01778;NA;3;3
"synth";"total";2011;0.84775;0.93783;0.01666;NA;3;3
"synth";"total";2012;0.82867;0.97427;0.01644;NA;3;3
"synth";"total";2013;0.96608;1.01212;0.01767;Joinpoint 2;3;3
"synth";"total";2014;1.76175;1.76799;0.02407;NA;3;3
"synth";"total";2015;3.05119;3.08836;0.03172;NA;3;3
"synth";"total";2016;6.17823;5.39482;0.04513;NA;3;3
"synth";"total";2017;9.00436;9.42377;0.05435;Joinpoint 3;3;3
"synth";"total";2018;9.87346;10.27082;0.05684;NA;3;3
"synth";"total";2019;11.38617;11.19401;0.06088;NA;3;3
"synth";"white";1999;0.29763;0.29387;0.01147;NA;3;3
"synth";"white";2000;0.31789;0.34406;0.01175;NA;3;3
"synth";"white";2001;0.38474;0.40283;0.01288;NA;3;3
"synth";"white";2002;0.51960;0.47163;0.01493;NA;3;3
"synth";"white";2003;0.56848;0.55217;0.01563;NA;3;3
"synth";"white";2004;0.66406;0.64648;0.01684;NA;3;3
"synth";"white";2005;0.67826;0.75689;0.01697;NA;3;3
"synth";"white";2006;0.96769;0.88616;0.02028;Joinpoint 1;3;3
"synth";"white";2007;0.86681;0.92654;0.01914;NA;3;3
"synth";"white";2008;0.88836;0.96876;0.01935;NA;3;3
"synth";"white";2009;1.11208;1.01290;0.02161;NA;3;3
"synth";"white";2010;1.14632;1.05905;0.02200;NA;3;3
"synth";"white";2011;1.00520;1.10731;0.02059;NA;3;3
"synth";"white";2012;0.98986;1.15776;0.02045;NA;3;3
"synth";"white";2013;1.14022;1.21052;0.02189;Joinpoint 2;3;3
"synth";"white";2014;2.06735;2.08706;0.02985;NA;3;3
"synth";"white";2015;3.59325;3.59833;0.03959;NA;3;3
"synth";"white";2016;7.06875;6.20391;0.05575;NA;3;3
"synth";"white";2017;10.20641;10.69623;0.06692;Joinpoint 3;3;3
"synth";"white";2018;10.98882;11.40600;0.06949;NA;3;3
"synth";"white";2019;12.36551;12.16288;0.07364;NA;3;3
